0.9925392901591419 0.12174363075931954 0.006651756153549072 1010.2457820976038 -0.12175091811130521 0.9925604382072063 0.0007003177664204884 611.7057169572752 -0.006517010775044854 -0.0015049503175159529 0.9999776315973776 1.8611988171406344
0.9993143876514587 -0.03675188970513161 0.0044780839531155915 1010.2278404206403 0.03675035769381236 0.9993243875126171 0.00042394800267782476 613.7959020253732 -0.004490639393912444 -0.00025908615163213215 0.9999898834649276 1.8623233653692832
0.9741296998736324 -0.2259774949476791 0.0023451228715688837 1009.821795662733 0.22596642665285946 0.9741258999315571 0.0042314428126297675 615.7398799986745 -0.003240655774529543 -0.003592055081749153 0.999988297576749 1.859313413178541
0.915410933523011 -0.4025169300444059 0.0017157546898745534 1009.0567049337966 0.4025102632769643 0.9154096679392703 0.003260030678273758 617.5839299663053 -0.002882835971392642 -0.002293658854572142 0.9999932141698864 1.860486430768535
0.8176779776950898 -0.5756697582262933 -0.002655984967576752 1007.8293452615197 0.5756758635821693 0.8176679802112372 0.004046507901683083 619.400146114425 -0.00015773836151279384 -0.00483772683764644 0.9999882856902137 1.8581661690398763
0.6962948776565914 -0.7176832492257068 -0.010207699546185499 1005.9184856559586 0.7177163169008474 0.6963353641077438 -0.0005908868074476687 621.3479796268562 0.007532051744089173 -0.006914801065018039 0.9999477254950664 1.856154923659307
0.6502682064009415 -0.7595845717087212 -0.013510668606022874 1003.9881216728139 0.759625679782667 0.6503542516120834 -0.002859025150101259 623.046436871939 0.010958392164192993 -0.008403917667756933 0.9999046393576789 1.8547055632896647
0.641755765057965 -0.7668278224966342 -0.011163720703093625 1002.311507416065 0.7668438826937723 0.6418230237754087 -0.0036967184003754918 624.471219576338 0.009999879499586863 -0.006188440584032331 0.9999308504157335 1.856754322370169
0.6440725165752563 -0.7648278126679944 -0.014457190664452146 1000.1698260668761 0.7649066556995175 0.644141129179998 -0.0001173256075791701 626.3036876105136 0.00940220500718545 -0.010982835162624131 0.9998954824744407 1.8523843673053813
0.6434401448174941 -0.7651897566218908 -0.021666019435387825 997.9132722727402 0.7653547892011389 0.6436078044262445 -0.0010201610217259655 628.2180737614588 0.01472503596339592 -0.0159257791822425 0.9997647437639096 1.8476503409476286
0.6451491538611135 -0.7636012087767652 -0.026377324105214685 995.6579535406432 0.7637867036882697 0.6454544009201119 -0.004299721138176837 630.1486086466473 0.020308632186721808 -0.017372687976305538 0.9996428107935261 1.8460727826110337
0.6445113863915493 -0.7639766938606858 -0.03073571293037953 993.4281444151001 0.7643926110797333 0.6447444101878833 0.002929446737169196 632.0719607123326 0.01757865007189815 -0.025382213638183056 0.9995232535026262 1.8386751721528136
0.6443666347086471 -0.7642070018239772 -0.027915917277795733 991.286366748481 0.7645331607149584 0.6445823543864974 0.001623139167045562 633.9146943815955 0.016753693367389313 -0.022388541193383436 0.9996089570335911 1.8415330222194577
0.6449935380709235 -0.7635761127805727 -0.0305754123056745 989.262577313966 0.764023421158138 0.6451686424791503 0.005063070552983536 635.6535301825219 0.015860257518911368 -0.026625978902573625 0.9995196393662873 1.8375658459097264
0.6477860565491884 -0.7612798665201891 -0.02874351703348832 987.4858101562573 0.7616408819690614 0.6479940284413661 0.0026279303111531745 637.1772166366495 0.01662503695760408 -0.02359457427742678 0.9995833653131815 1.8404024684988989
0.656548563823175 -0.7537180241861405 -0.029208275516843452 985.6275760574025 0.7540064948884978 0.6568648218951797 -0.0016767297267700693 638.8004621644919 0.020449670111992013 -0.020922374950162134 0.9995719409921211 1.842748902168844
0.6749653442179194 -0.737358519884878 -0.026910913361782144 983.9676113911368 0.7376825104814114 0.6751394296701468 0.003356223250788716 640.3462394383532 0.01569387889037157 -0.022117044509808025 0.999632201615936 1.8418298223110308
0.6949080140221322 -0.7186758530370654 -0.024655026044652573 982.2783893927251 0.7190178881045105 0.69493526772243 0.008845917775118024 642.0099460514664 0.010776299622115432 -0.02387450391109815 0.9996568808493511 1.8403400554454556
0.7164242182578485 -0.6974075403571303 -0.018948935237894267 980.5918550631977 0.6976422043892052 0.71635577157609 0.011391364474765298 643.7584011825603 0.005629755643229441 -0.021380626338916783 0.9997555574582992 1.8428114555007207
0.7357781977769792 -0.6770324128755284 -0.016048538625046304 979.2293573886009 0.6772095232830029 0.7357046121868355 0.011224312086954395 645.2598331183879 0.00420776079020645 -0.019126827310282143 0.9998082112216193 1.8449480531273472
0.7494008085877478 -0.6619770880054757 -0.01359275703532862 977.8714402342933 0.6621164763140451 0.7492565656017632 0.014709544388756967 646.8263717445674 0.0004470810929929029 -0.020023332850516558 0.9997994130124577 1.8441594581577656
0.7510234100392015 -0.6601049272862309 -0.01501074766726414 976.4111404557063 0.66027467657857 0.7507907375900278 0.018724844941637498 648.5074800971606 -0.0010904320957625376 -0.023974013461729223 0.9997119873425458 1.8404593129563753
0.7439994034873351 -0.6680731357125029 -0.011965489950401633 974.8725049157298 0.6681582727286719 0.7437102568453874 0.021437734190106174 650.262467959184 -0.005423116698661266 -0.02394450254717168 0.9996985798744746 1.8404995918980522
0.7234536813932836 -0.6903658922720695 -0.0031153917722128587 973.2257523827682 0.6902454251260859 0.7232259884896515 0.022481607275178797 652.0440152732039 -0.013267402572247889 -0.01841478646511151 0.9997424026560193 1.8456216885754564
0.694685915627713 -0.7193122600855093 0.0011623765152428678 971.373867105962 0.7189243165748573 0.6943625701334178 0.031756073987334967 653.9206883280688 -0.02364964409585932 -0.02122483659280954 0.9994949727966361 1.842727834457005
0.6631494687525932 -0.7484720767949433 0.004725711736648752 969.3198371043036 0.7479209727580777 0.6628802666187898 0.034698280015190486 655.8304122106252 -0.029103274760135363 -0.019475687039653692 0.9993866604135606 1.8441470590931757
0.6445274576243809 -0.7645786664604856 -0.001954267575602653 967.1038364942198 0.7642174922241737 0.6441399592822433 0.03248595749650582 657.7423854025334 -0.023579248224795134 -0.022431577059478673 0.9994702814009918 1.8415965426877259
0.6408242517997451 -0.7676869494912271 -0.0010128603809926031 964.7643421150983 0.7672796693061424 0.6404401546892605 0.03344125193609073 659.7358578409819 -0.025023736226903553 -0.022207112429373416 0.9994401716875283 1.8417551321284311
0.636879241501034 -0.7709627935858161 -0.001096654650078119 962.3752384306439 0.7704837087543734 0.6364320103879564 0.03618218757413264 661.7551201661179 -0.027197174286548782 -0.02388863872007666 0.9993446085564922 1.84008513501289
0.6354559628513313 -0.7721370380517443 -0.0003372615698198291 959.9290209545503 0.7717251434791986 0.6351025928940758 0.032939329398640846 663.7969244277044 -0.02521948053980119 -0.021191766512049716 0.9994572961529679 1.8427014163271394
0.6295589427476177 -0.7769522536161331 -0.000856275256147882 957.4480517009384 0.7764515396333495 0.6291128744607878 0.03660598023119762 665.8513172135854 -0.027902405048731763 -0.023710478453578928 0.9993294096562951 1.8402232684684783
0.6252619010408857 -0.7804136047716902 -0.0014698959129155458 954.9952385231204 0.7799692041936533 0.6248399813112029 0.034971963978820304 667.8602233709674 -0.026374146739901284 -0.023013110225974787 0.999387212816669 1.8409440962023647
0.6171778969130481 -0.7868225147221625 -0.0013318739730227788 952.5354127259561 0.7863157058138851 0.6167177793912341 0.03697014164373224 669.8533078417004 -0.028267549458684347 -0.02386442769140871 0.9993154830875799 1.8400622166914768
0.6088209956429259 -0.7933043409282253 -0.0022842786153284725 949.9807843854088 0.7928238655436083 0.6083466672036565 0.036669479498574735 671.8769181230177 -0.027700423983198212 -0.024136179619813427 0.9993248377502246 1.8398303080061602
0.5985187156078939 -0.8010995262058086 0.0038595569570713927 947.4217597206285 0.8004936308923447 0.5982409284127808 0.0363006676605768 673.8627746861705 -0.03138939260110301 -0.018637078221715567 0.999333460536317 1.8448221858128444
0.5825555182273777 -0.812784713498169 0.003174537215100024 945.3718155084307 0.8119949876268432 0.5821534171123978 0.041970692313100605 675.3800194281481 -0.03596120481454424 -0.02187255010412405 0.999113798973985 1.8415457294581148
0.5624071041647724 -0.826856538158997 0.0025523496462993827 942.8094858172468 0.8261158351956858 0.5620289159013941 0.04069550994447731 677.1572994657326 -0.035083842776016436 -0.020778907440618125 0.9991683346572013 1.8426224787802443
0.5575966379090832 -0.8301045298153126 0.003529726984702866 940.2450497483321 0.8293830745082453 0.5572801090183489 0.03952968266693748 678.9046553100716 -0.03478081528282685 -0.01911412233394971 0.9992121622636836 1.8441977864443588
0.5659912466732655 -0.8243960537140544 0.00500552793770761 937.7196527983423 0.8237244297299913 0.5657570811844377 0.037376315437256245 680.6648400064435 -0.03364479982467038 -0.017031491724400157 0.9992887249110731 1.846202197924199
0.5795251789852259 -0.8149398575248316 0.00485752401491575 935.1639605432835 0.8144323298151857 0.5793569897827602 0.032333551330985665 682.502737708126 -0.029164140206024244 -0.014781982521716365 0.9994653300233968 1.8485130461142258
