0.9257004938695998 0.3780522604403903 -0.012453273685733486 357.701441704519 -0.377526270500103 0.9254564499939929 0.03169028631616936 1073.694067145595 0.023505546831833497 -0.024634275723654942 0.9994201527524392 1.8391024505604103
0.9253351075636732 0.3790375871098412 -0.009243715058053485 358.5243638057145 -0.37857699511411935 0.9250015288309503 0.0324288518262414 1075.656668376721 0.02084220430973826 -0.026508097222432494 0.9994312999406997 1.8374627400525902
0.9244782595063623 0.3811104865076382 -0.009733692721629446 359.3592502725152 -0.3806755241354371 0.924203620803573 0.030558347759267374 1077.6494233254145 0.0206420208385233 -0.024545149571298063 0.9994855889947714 1.8393300324190627
0.9242642626428422 0.38175183457078227 -0.001053377009718616 360.1501373471687 -0.38153595573543325 0.9238276571003212 0.031189332432424895 1079.4953027797999 0.012879723690047895 -0.028425284138824964 0.9995129393556116 1.8359627080441843
0.9239645480086354 0.3824454742064821 -0.004997327503488627 361.08165840384424 -0.3823464864352894 0.9239104712368341 0.014163525321047738 1081.6922224332395 0.010033859366516589 -0.011175884658945425 0.9998872042727134 1.8521897814180492
0.9240978999700591 0.38205306873160294 -0.008861373691083004 362.04409938213917 -0.3818975898814171 0.9240774562049837 0.015332507182212905 1084.0000750797449 0.01404642707925152 -0.010784600432695591 0.9998431828440976 1.8524236303994477
0.9248135136915813 0.380227972653369 -0.012110066281373818 363.087839925725 -0.3801257200842813 0.9248814099893503 0.009940542566513383 1086.491776908734 0.014980047524521416 -0.004589800433462373 0.9998772584213238 1.8580469247286464
0.9260356113767554 0.37725909528448054 -0.011559476078686808 364.18452269972505 -0.3771050009788643 0.926071762181534 0.013524404856358689 1089.1383250825384 0.015807109122455698 -0.008164944281696538 0.9998417219670658 1.8547598404649916
0.9271116073934492 0.3745399249940607 -0.013561416658207712 365.3342281745043 -0.3743420319224133 0.9271679812014112 0.015085680995494856 1091.9440327209027 0.018223901133758616 -0.008909501688778108 0.9997942339337249 1.853980548787944
0.9265375783834443 0.3758436415653189 -0.016421721537704933 366.54866736196016 -0.37572278998634523 0.9266778353928659 0.010028682688590517 1094.8720697424085 0.01898686198976775 -0.0031219363401372756 0.999814859154068 1.859214275406224
0.9273811639106658 0.3738405824693404 -0.014401240317565277 367.79273594971954 -0.37371622492156886 0.9274821733026227 0.010630213366464355 1097.903857663853 0.01733089882468119 -0.004476282478741633 0.9998397885867017 1.8580581593808616
0.928076067654164 0.37239043569992625 -0.0004195793178598318 369.11744664334816 -0.37236250134331306 0.9280191298807282 0.011254428851285978 1101.0799849352147 0.004580419296960434 -0.010288730467684845 0.9999365788810952 1.8531279006931414
0.9298057323706411 0.3680493483695547 0.000988542078971586 370.58861981491816 -0.3680499907197666 0.9297954647878801 0.004426961832851573 1104.6626864293112 0.0007101984760581536 -0.004480047392163025 0.9999897123438263 1.8584825674934449
0.9332464987103677 0.35908698041890424 0.010368854250735577 371.96248316681226 -0.35910801902723993 0.9332959864696777 0.0001797496100995553 1108.088273561018 -0.009612664311778447 -0.003891289403833793 0.9999462258299715 1.8590230397657581
0.9374040606080734 0.3479785895165315 0.013584122849030855 373.35707811728673 -0.348116998295666 0.9374018618324702 0.00960754550499908 1111.6385260228813 -0.009390561916497063 -0.013735016239547197 0.999861573756982 1.8500153914796578
0.94068295879141 0.33861169057036106 0.0213937852779739 374.7382183190249 -0.33910298930491506 0.9403778862913014 0.026430921640655896 1115.3540318611201 -0.011168423519395823 -0.032117814112824536 0.9994216889445139 1.8326886743470805
0.9424907136238632 0.33386661023153774 0.0156314204499111 376.11063118410993 -0.3340501501454786 0.9424902073527646 0.011077284501377392 1119.1348535736572 -0.011034125274009748 -0.015661916122997662 0.9998164593878178 1.8482140678828307
0.9431035330529094 0.3321224114034897 0.015824973511832516 377.48162969302393 -0.33235435798198015 0.9430290940592974 0.015385333538333521 1122.9400790911877 -0.009813596359377483 -0.019769461328806713 0.999756401192442 1.8443992473557858
0.9410701793474812 0.3382051346552699 0.0020504720699237138 378.8265106064975 -0.33815918944412104 0.9408012755468717 0.023266338858390107 1126.743831741073 0.0059397085276795035 -0.022588643655367672 0.9997271993100999 1.8416700454514983
0.9371658259373644 0.34849298366597015 -0.0165183240895504 380.2208649794994 -0.3482091859890676 0.9372474159469004 0.01782257258896073 1130.5703009431547 0.021692798066834804 -0.01095087377553606 0.9997047068387663 1.8519479174449467
0.9338681480925695 0.35708003740039745 -0.019599205807566713 381.7065041288264 -0.3562472615519198 0.9336847986229035 0.0363398604464581 1134.4757521420474 0.03127571925495321 -0.02695447477953809 0.9991472792709023 1.8364392633067375
0.9314782573667616 0.3634176329879801 -0.016609638358365927 383.28890646644606 -0.3627576058513387 0.9312971792926019 0.03305273420837333 1138.488589308697 0.027480455782004247 -0.024762630616684947 0.9993155841249329 1.8387567892491494
0.929895303936782 0.3674026462945081 -0.017607362440501 384.948036371976 -0.3669999728825139 0.9299506849561799 0.022421941346916347 1142.6295127010428 0.024611859347732957 -0.01438815642544702 0.9995935360605945 1.8486251795552189
0.9289228752750661 0.36989704593640843 -0.01668733646284319 386.46381296841975 -0.36938614469505343 0.9288735387687039 0.02734639066917876 1146.404732541963 0.025615774398417356 -0.01923861696756992 0.9994867221324883 1.8440574443415023
0.926375643614817 0.37566232137305516 -0.026570419978653455 388.17479665277676 -0.3750019064442132 0.92663832497232 0.026739200730380396 1150.60571916491 0.034666079680865276 -0.014806586139333458 0.9992892613885428 1.8475924899255043
0.9265563299382558 0.3760518606068292 -0.008852433873946556 389.9622369960565 -0.3756554728852581 0.9262807432060319 0.029781713467072223 1154.828903801701 0.01939930778929343 -0.024268969896220287 0.9995172254431002 1.8396483066699814
0.9243472799657867 0.381292404751921 -0.01407863979047473 391.7154909993448 -0.38090299803257316 0.9242976557557963 0.02422291588843749 1158.987896285445 0.0222488676037719 -0.017027790309904717 0.9996074440736787 1.8462995791837604
0.9230191857353577 0.384456671543709 -0.015121192743032991 393.42649065779295 -0.3839882847936089 0.922948860055969 0.026802963691569245 1163.037952086502 0.024260665813236465 -0.018933288856455777 0.9995263631677648 1.8444178319528064
0.9235141795002575 0.38320850281331437 -0.016516768253613867 395.0859796146238 -0.3826740230424307 0.9234482212203785 0.028354449623283238 1166.9706180561377 0.026118046452342874 -0.01986519812375789 0.9994614657669482 1.8434427141829548
0.9221405814570979 0.38599811596555156 -0.02573329557227251 396.74623044997634 -0.38544927614308316 0.9224203758511936 0.02386431929294608 1170.891570686089 0.032948498459543014 -0.012087377117766685 0.9993839561268102 1.8502283642234205
0.9219509327152177 0.3867738203543491 -0.020309838848182563 398.1004540190915 -0.3863670889756131 0.9220993538159801 0.0212897686380145 1174.04397273161 0.026962014428600935 -0.011781068739772558 0.9995670343690303 1.85089818446838
0.921573156731052 0.387742757040227 -0.018933334508364055 399.79585819351337 -0.38731726692873025 0.9216681004409657 0.02265496343847537 1178.0090993028052 0.026234548435617296 -0.013544998795995349 0.9995640457099253 1.8493136183010443
0.9216930826116724 0.38767939488245673 -0.013658266704240186 401.52895391886307 -0.3872992050005852 0.9216387057168729 0.024112692310088585 1182.0540944744685 0.021935981211393802 -0.016934665869114136 0.9996159411595005 1.8464019063891925
0.9259898083708297 0.37717767743592984 -0.0167294482093624 403.20921517444293 -0.37696373177237136 0.9261127314385409 0.014613473087892457 1186.045923372414 0.02100523081519598 -0.00722553191679595 0.999753255542045 1.8553929955920008
0.9314572784784798 0.363272754962461 -0.020499850522543446 405.16941459454523 -0.36273364357513566 0.9315340767855462 0.025856674302884783 1190.9636493685803 0.02848933463893525 -0.016648402003881683 0.9994554459917396 1.846301712558896
0.9333836741002123 0.3576377979692747 -0.029834918918548232 406.77552942640364 -0.3568689700064271 0.9337289570084796 0.02819172024563035 1195.1433457053556 0.03794015247386167 -0.01566653463738423 0.9991571971029961 1.8465442909085787
0.9291767857528539 0.3686370937180307 -0.027151315863485275 408.4358130149321 -0.3677344693536179 0.929340918974915 0.03311821806911593 1199.3178384610774 0.037441432494068456 -0.020788204684012008 0.9990825740041748 1.8418061670105894
0.9269691879351252 0.3732745337348162 -0.0373396181548368 410.12207380973354 -0.3722909365681074 0.9276055550988612 0.030779744946536812 1203.5507299691574 0.04612573216909203 -0.014630673763981807 0.9988284938952613 1.8467899874355886
0.9245053645879365 0.38004072571266806 -0.02930661440553885 411.88306468706025 -0.37953669722531036 0.9249292294298989 0.02139663537839935 1207.8057453935123 0.035238137116330476 -0.00865836855312831 0.9993414363202241 1.8532108561231007
0.923769081863431 0.3817780040189178 -0.029937251719641747 413.6292962516141 -0.38123559919477606 0.9242080710779872 0.022335157507994995 1211.9934281796786 0.03619532151803671 -0.009219381846853189 0.9993022073920224 1.8526249710418456
