0.23953883770807644 -0.9704884631366724 -0.027808059049203245 389.5803696863865 0.9708400959364797 0.23914816662772329 0.016663208593954582 1100.4890012334859 -0.009521205360180349 -0.03098866433421888 0.999474386530876 1.8337870346948297
0.1987850317967526 -0.9795187457387627 -0.032055231709146724 388.1954558838811 0.9800252383016623 0.19847748176182572 0.012538800790189993 1100.7717341081611 -0.005919748756151836 -0.03390746200834256 0.9994074447365394 1.831006613871535
0.14586719202190224 -0.9888021618105176 -0.031512649690135425 386.677292593849 0.9892762534117504 0.14554971516325538 0.012156267992526358 1101.0052508928975 -0.007433486884119402 -0.032947916698069665 0.9994294262517996 1.831923568416595
0.08050007537886601 -0.9963680143212658 -0.02775820421958504 385.03428482684785 0.9967543838214911 0.08048728853381726 0.0015794673515673987 1101.1269009891932 0.0006604518434358862 -0.02779525898374322 0.9996134189682481 1.8368253649827104
0.006082044595589492 -0.9995990027541501 -0.027655784683260888 383.3535516299527 0.9999790685784643 0.006140743742086717 -0.0020380557505011946 1101.141064326943 0.0022070655824845894 -0.027642810262410916 0.9996154280033456 1.8369523113632282
-0.10948413505859582 -0.9936234951963882 -0.02693648017433474 381.473016821333 0.993967807772232 -0.10926660265337684 -0.009423728404946772 1100.949969821705 0.006420380279415102 -0.02780574290142644 0.9995927267536341 1.8367259199875796
-0.22921199159283104 -0.9731599604326122 -0.02053178805760997 379.9849576214457 0.973213146001723 -0.22873607130682455 -0.023151287924131972 1100.5645183911213 0.017833545903010225 -0.02528835886161658 0.9995211171088929 1.8387532758166765
-0.3682979402319707 -0.9295438279910316 -0.017461359187311645 378.60841856913225 0.9296162116062605 -0.36793304464407456 -0.02095170107096477 1100.0128545075972 0.013050913367017029 -0.023948830925997103 0.9996279943846939 1.8401991146040022
-0.5118283432199747 -0.8589829227301682 -0.013419595173991905 377.3169974507587 0.8589612837622687 -0.5114225505147986 -0.025149310575321555 1099.2261426247642 0.01473974471187942 -0.024399042663113452 0.9995936307534938 1.839715345479976
-0.6284591410249978 -0.7777766646326643 -0.010127586830505565 376.2361346209676 0.7776558944804847 -0.6279697790176632 -0.030087645641752255 1098.3313520181036 0.01704165020995682 -0.026784633531085733 0.9994959557520611 1.8373685690973642
-0.7656890259930244 -0.6432063700101335 -0.00242508808910842 375.0024539116951 0.6429835763995958 -0.7653126875025932 -0.029472204327842116 1096.8898089186382 0.017100758879002188 -0.024125835238271835 0.9995626584260823 1.839882127393208
-0.8611010119645466 -0.5083623872003347 0.008528216320555941 373.9390189006763 0.5078146127239237 -0.8607587808775242 -0.034909028148732736 1095.1317239042228 0.025087173967674993 -0.025729446597523645 0.9993541060505531 1.8379809097686752
-0.9052862541451017 -0.4247143488051729 0.008632495289710902 372.91159953239065 0.4242887148788682 -0.9050042744152401 -0.03076279760655 1093.044961633404 0.02087784668894902 -0.024186467479588247 0.9994894348158415 1.8396574876182539
-0.9208611719897276 -0.3896237041177863 0.014424670229970625 371.9783488592334 0.38901993385839845 -0.9206468395664914 -0.03275496690641955 1090.872077718375 0.026042138593345976 -0.024551292955137836 0.9993593152774022 1.839041055604507
-0.9225225992261821 -0.38559075861648734 0.016486988400837097 370.72330160533966 0.3850010325743708 -0.9224136719722076 -0.030450331285800936 1087.9324151571095 0.02694918985119471 -0.021743611206711474 0.9994002984480513 1.8416329549278667
-0.9218747867576093 -0.3872777678705903 0.012759625926552984 369.4647216501182 0.38645861969104633 -0.9213259218774629 -0.04252388673597924 1084.9872538472634 0.028224330055884848 -0.03427063159348583 0.9990139693733416 1.8296421427400857
-0.9199801336798136 -0.3911577657894248 0.025142710615593603 368.0773077474962 0.39011201345636565 -0.9199751835669329 -0.03818741386910456 1081.7461790070952 0.038067973304266 -0.025323188654185202 0.9989542359512231 1.837485280184685
-0.9179366621721442 -0.3965963492612918 0.01017939059459539 366.5297452758209 0.39635545573092706 -0.9178852949742363 -0.019721510651753756 1078.3067243714331 0.01716499206498138 -0.014068440662479266 0.9997536906782262 1.8492774076657201
-0.9173560748668319 -0.3979634518684715 0.009106200187289373 364.9873584260495 0.3972277564298888 -0.9166662543519706 -0.04396689270355589 1074.795957300373 0.02584456280529956 -0.03671606064462678 0.9989914861820113 1.8274234726778986
-0.9149882857279023 -0.40278149135484487 0.023738306651499015 363.4078108722005 0.4016468258383711 -0.9148550216941297 -0.04147428811919014 1071.2306722411 0.03842218466816699 -0.02841407227061044 0.9988575354985937 1.8345237775512295
-0.9120939750935428 -0.4089402034848441 0.029197441186427798 362.0311082676379 0.40802588992467653 -0.9123861803849201 -0.03265472391236382 1068.1761858629218 0.03999317128256165 -0.017870865015194474 0.9990401285405774 1.8443265431511902
-0.9082886255686067 -0.4180029534323962 0.01689093201943213 360.45064826370117 0.4171135038902271 -0.9079729738775765 -0.04001754090804458 1064.7933800195742 0.03206396006591213 -0.029302041391406342 0.9990562010393547 1.8341524805587917
-0.9039653688450356 -0.4274733091067251 0.01063869964828133 358.8776207894914 0.4272056300285001 -0.9039160576849531 -0.020763196556549058 1061.5577655265615 0.018492203784630134 -0.014224298247714822 0.9997278168274346 1.8490772622586158
-0.900659142389875 -0.4344752876788471 -0.006658350089846738 357.3083229415095 0.4345262286370461 -0.9005622906708157 -0.013210497651462799 1058.419586846022 -0.0002566242415005764 -0.01479138323879618 0.9998905685753228 1.8490382458499282
-0.9000095352860432 -0.43567006717347223 -0.013207155759769133 355.68722313556196 0.4358658446995147 -0.8997228235770602 -0.022799257858548336 1055.1641053689043 -0.0019498252688624537 -0.026276097571448595 0.9996528221726966 1.8382875775394716
-0.9046248223353928 -0.42614615534901956 -0.007306510515182944 354.0701758144209 0.4261089756852237 -0.9039090799479254 -0.037141836629127574 1051.7666324254988 0.009223429684695248 -0.03671279707329264 0.9992832926032069 1.8281184636053958
-0.9087806800377461 -0.417158061860731 0.009840071886458726 352.8932547289022 0.41640276327066067 -0.9081539672085537 -0.04318692607634608 1049.1775489654756 0.026952074701036038 -0.0351500109240983 0.9990185495782078 1.8288716181040512
-0.911312196167692 -0.4113999145655155 0.0161304498233599 351.8092017280162 0.4103001046178083 -0.9107273214431298 -0.04721832406637312 1046.7900190514076 0.03411605584813411 -0.03641230935422741 0.9987543434002468 1.8271808819531452
-0.9135864850548759 -0.4050323609863435 0.036173483090592734 350.8720214502688 0.40513445162403205 -0.9142445682541284 -0.004790148757355826 1044.7126883014496 0.03501157569107459 0.010278909069115794 0.9993340450499909 1.8702208132008502
-0.9182569454687455 -0.39593564162988987 0.006256978946547739 349.98505889933375 0.39475400408775346 -0.9165328925263666 -0.0643174406668868 1042.6973365932404 0.031200294150792153 -0.056589969114500226 0.9979098742073478 1.807497478044377
-0.919749593595865 -0.39223737503986755 0.014509538313681944 349.1511110060115 0.3913921436614855 -0.9192959981485391 -0.04131655440799671 1040.7753950135434 0.029544457353435194 -0.03232196482140597 0.9990407477324313 1.831431770795976
-0.9217571599683249 -0.3875187978634629 0.013889541014173437 348.4338098808826 0.38706872586901986 -0.9216549665586173 -0.02701710702439012 1039.1165629023753 0.023271001294772744 -0.01952700489810051 0.9995384717850774 1.8439155708230655
-0.9228071665607622 -0.3849498852806718 0.015508680359506009 347.4188004624537 0.3847138845619077 -0.9228938175080353 -0.016193474943033064 1036.7332662038255 0.020546541543112425 -0.008977050063418528 0.9997485944990241 1.8538140686518676
-0.9244395614465488 -0.38111084936350165 0.012884786763677119 346.26270399185256 0.381064753266821 -0.9245291578744802 -0.0059573532380942686 1034.0014750738164 0.014182773008543153 -0.0005972749258098143 0.9998992410300417 1.861683660134628
-0.9257082067247784 -0.37823480132748044 0.0016586341228670368 344.9949060765769 0.3782284093534683 -0.9257066947760264 -0.0032226704434645233 1031.0200888447403 0.0027543348266497276 -0.00235590993109311 0.9999934316424567 1.8603804972804596
-0.9258966718382998 -0.37760898277029514 -0.011260959548031782 343.551733806457 0.37768467338404593 -0.9259178678674146 -0.005512663117540788 1027.6257756465404 -0.008345092542684892 -0.009357248262386103 0.9999213975785347 1.8540524109298007
-0.9268209376857657 -0.37515480385093747 -0.016180933682650302 342.0526425029766 0.3753510370523454 -0.9268120587494963 -0.011445817587598241 1023.9996090160098 -0.01070273100691717 -0.01668175362737605 0.999803566029302 1.8472704145989711
-0.9271206579319107 -0.37451090178200425 -0.013743001212731995 340.4963374415592 0.3746954831963578 -0.9270261356484333 -0.015027930562212228 1020.1988668935126 -0.00711199747967922 -0.019082145350165995 0.9997926241079627 1.84506035851815
-0.9276489959862546 -0.37344876681778105 0.0018327050971098924 338.8928316972629 0.3732325429268348 -0.9272582650976386 -0.029825806082757485 1016.1792520046048 0.012837801449733774 -0.0269838538833214 0.9995534315300715 1.8373341248292394
-0.9280030443454076 -0.3722092585701734 0.01645045653763737 337.26308656374533 0.37158663134038183 -0.927854662514864 -0.03176634474620122 1012.0944505527885 0.027087360424413048 -0.023366494903368454 0.9993599360696668 1.8400978209134196
