0.8415652988628495 0.5395435775869757 0.02570166598740939 487.43851590464186 -0.5398186649805058 0.8417679058493351 0.004754116183626554 1359.9724812198199 -0.01906978470108269 -0.017875138228000617 0.9996583530110588 1.8460020649404472
0.8529385406594275 0.5216945791917871 0.018182736308645055 489.44615763506755 -0.5219165032364856 0.852930038867507 0.010654222020950097 1363.1766525247976 -0.009950352112614828 -0.01857726673588983 0.999777913165448 1.845512135954208
0.86197221290594 0.5067630563104707 0.013968140066075054 491.018225112956 -0.5069526445159176 0.8617329441888405 0.020380115749134006 1365.8083078192826 -0.0017089167189886575 -0.024648279017025758 0.9996947243759687 1.839826627042738
0.8704481603083087 0.49220103258289744 0.00762520427321447 492.65655981969195 -0.4922526373962822 0.8702452798572438 0.018986675922594214 1368.606072721378 0.0027094634677055363 -0.020280444041367442 0.9997906592868329 1.8438918297208577
0.8779692666426631 0.4787084080655868 -0.0028682535201731427 494.1622699410019 -0.4785274500319912 0.877774467697202 0.022879323083816273 1371.3231538815744 0.013470204037962527 -0.018714804466124987 0.9997341195022655 1.8450976131697256
0.8830304416635679 0.4692638986029 -0.00697370514526131 495.25515769327507 -0.4689784169711666 0.8828616472638589 0.02479024416511122 1373.400336635395 0.01778998343631572 -0.018620023054617504 0.9996683506197357 1.8450217005287164
0.8902848257319901 0.45533861968392303 -0.00772466799928515 496.56585690462043 -0.45506334564017376 0.8901467000835536 0.023583973056531204 1375.9100730588084 0.017614781467028457 -0.01748124007898755 0.9996920154323375 1.8460909336688949
0.899207462924951 0.4374183576434775 -0.0095456281382886 497.8043495482915 -0.4371592876717747 0.8991359295123377 0.02112670022246422 1378.4038736916993 0.017824023742635642 -0.014824326509704161 0.9997312356434375 1.8485502689632942
0.9086381646803644 0.4174041960048833 -0.01226469909200082 498.9459944786391 -0.4170811059735322 0.9085931152597065 0.022403168136625504 1380.8282774487602 0.020494797539754292 -0.015240999316964727 0.9996737843985037 1.8480448681975488
0.9195193415349283 0.3926849094507015 -0.016814946710150044 500.02359622990764 -0.3923514089839708 0.9195968880927858 0.02004832357968911 1383.3058472892862 0.0233356467976286 -0.011837453263157157 0.9996576025263738 1.8510486018830306
0.9303129193170161 0.3664019896814991 -0.016354024253712008 501.045530830117 -0.3660512536785785 0.9303583817855713 0.02097048215171495 1385.8054597271391 0.022898729925334205 -0.013522699389286156 0.9996463298432275 1.849516734281599
0.9431261406171443 0.33203340050619506 -0.01633719170803838 502.0240264332237 -0.3317406520860299 0.9431936539468718 0.018272134738073677 1388.4365274761483 0.021476094573925214 -0.011813217285876733 0.9996995674997616 1.8511651679957946
0.956236683543767 0.29194978284544093 -0.019409516782135584 502.90113447469577 -0.29163931026227535 0.956371481777006 0.0173234394216841 1391.1818394537254 0.023620282702803516 -0.010904730173296481 0.9996615272705486 1.8518917423468753
0.9673560061792454 0.25240860030183904 -0.02263306878452097 503.7028748970854 -0.25193001166835294 0.9674951889375009 0.02200746699581038 1394.0549643116829 0.027452259100517008 -0.015587106096213691 0.999501583587451 1.8473508564214671
0.9738235065644586 0.22572762075340178 -0.02673610464352515 504.4435623844899 -0.22506542116396075 0.9740057529303381 0.025658321357669638 1397.09930408302 0.031832911566334 -0.018969303825204877 0.999313179765781 1.843920718618788
0.9768436758392982 0.21315387430946822 -0.018489425075722432 505.0396588402471 -0.2127024665190189 0.9768298123448658 0.02368920536909128 1399.612011089925 0.02311046753081688 -0.019207904132330412 0.9995483793740798 1.8442222813731868
0.977220377417709 0.21142898680751693 -0.01838797153404611 505.758614122784 -0.21096873268571323 0.977194212723706 0.024159148335162892 1402.821529139614 0.023076563621434107 -0.01972952500297962 0.9995390027680672 1.8437362632481566
0.9756154720241557 0.21811547689729982 -0.024496723963578264 506.4840893060977 -0.21767533245671522 0.9758279837504504 0.019421528502914346 1406.0448869750353 0.02814072470535758 -0.01361561116492909 0.9995112379286504 1.8491347551192538
0.9738240944552508 0.22468793812367122 -0.03437969633584663 507.2021757848073 -0.2240273498414977 0.9743335817826059 0.02204127795011303 1409.204686979289 0.038449701967725396 -0.013762335281930129 0.9991657612959831 1.8482672699318048
0.9734058025751566 0.22782235913045715 -0.02404404693991285 507.9227425730813 -0.22712831123175936 0.9734478366580966 0.02849630752713794 1412.1990713598523 0.029897721485503456 -0.022277387322242617 0.9993046803973604 1.8409487267293472
0.9727431172295318 0.23012995819960538 -0.028478592339170848 508.6052767599321 -0.22940810638701514 0.9729698300278429 0.0264883102427031 1415.0685446033044 0.03380456487660674 -0.019233101534533018 0.9992433833650664 1.8435359844186197
0.9727146593783588 0.23023599443821977 -0.028593326065496416 509.25963773243853 -0.2296958308228788 0.9730365735676605 0.02096787548357229 1417.7793307411323 0.03264991168489054 -0.01382799207228718 0.9993711872483706 1.8486427054702783
0.9740086280607898 0.22446659815131836 -0.03036344475705003 509.8699236329159 -0.22373115908515462 0.9743090304866822 0.025812430465117574 1420.3814910835345 0.035377406879999705 -0.018348281294930817 0.9992055742718666 1.844246823019052
0.9750483264243306 0.21999556461091185 -0.029710481124306003 510.44136494500907 -0.2192686374003736 0.9753212851983648 0.02587769873062392 1422.8436091862977 0.03467024357709459 -0.018717430126371785 0.9992235145450535 1.8439547499545998
0.9770501911396993 0.2115546164260088 -0.024850920762093835 510.8948583395518 -0.2108950232163369 0.9771433033626937 0.026725528545304536 1424.8577107948624 0.029936819745261134 -0.020871247262430132 0.9993338670640821 1.842266642003364
0.9782426901013456 0.20512493866123863 -0.031064429859633678 511.3806156661271 -0.20433131142532665 0.9785320459352436 0.026902606732262836 1427.1657090885321 0.03591593566214208 -0.019969842688608356 0.9991552686887576 1.8426907796284973
0.9788096160671725 0.20187706950234702 -0.034313034018825045 511.77957085832367 -0.20116482145028192 0.9792846991872122 0.023112605839368586 1429.0496867798383 0.03826813433274026 -0.01572026548612988 0.9991438450732383 1.8464681950563369
0.9797643140382327 0.19671934991961215 -0.036924061320488234 512.1338574816277 -0.19592221551304337 0.980322609944211 0.02412604195954662 1430.796357377392 0.04094355145385636 -0.01640359105130327 0.9990268003386945 1.8456120780339258
0.9806854415682619 0.19312419679717008 -0.030969489945969188 512.4649114335671 -0.19233864327331052 0.9809671599827533 0.0266322612475141 1432.34385111999 0.03552338666073034 -0.020161241202405505 0.9991654584468644 1.8425412291556542
0.981007622937987 0.19109913033682074 -0.033244038895282046 512.7373973760383 -0.19037988029740116 0.9814260683184971 0.023629930233577828 1433.7035199014163 0.03714222550558032 -0.01685214554314671 0.9991678839289647 1.8455056455094505
0.9815023846554084 0.18834126034267035 -0.034360421538194824 513.0022926509943 -0.1876281250857908 0.9819720972760827 0.0229453012184186 1435.0460192056266 0.0380625221515706 -0.016073886392145575 0.9991460726959371 1.8461563310391926
0.982156891475559 0.1856726023040543 -0.029891893227207818 513.2473163834665 -0.18511382006924962 0.9825030358317204 0.020509953701116038 1436.2393152704426 0.033177012319311215 -0.014610589827005197 0.9993426922324847 1.8478814863822874
0.9822474054446434 0.1845786498699422 -0.03347770167524371 513.4335211058315 -0.1840883936950465 0.9827590931746648 0.017205466843105862 1437.2359719736137 0.036076277580216976 -0.010737168840106977 0.9992913566129025 1.8512415681313914
0.9817735362517025 0.187957682139975 -0.028153742919820382 513.6454754493847 -0.1875048862195524 0.9820993694276281 0.017965138843003152 1438.2446970099522 0.031026459024836844 -0.012358733528312573 0.9994421546772763 1.8501100323723403
0.9807518458187462 0.19279579059067095 -0.0309127813960653 513.8411496452821 -0.192323305176878 0.981173428407052 0.017619582111780618 1439.2169357701155 0.03372778096709309 -0.011335189388382213 0.9993667746491104 1.8508654990065239
0.9774863677654658 0.2086740528412059 -0.031233643775673968 514.04257857536 -0.20809659426207494 0.9778880351507236 0.020755677911983607 1440.103023477734 0.034874177971751706 -0.013788777316582127 0.9992965832679064 1.8485191207382126
0.9700734974685871 0.240695494232217 -0.031985755663605286 514.2653745007104 -0.2400813012157265 0.9705061096006541 0.021882870798102912 1440.9054982527475 0.03630947969369179 -0.013548811169682247 0.9992487435069715 1.848632881587019
0.9594158202854632 0.28070881357904864 -0.0269043818925032 514.5190656855956 -0.28008427513278766 0.9596556944874408 0.02477391493429283 1441.6635654176066 0.03277319955871906 -0.016232991618109364 0.999330979892955 1.8464049914116174
0.9409156932749034 0.33760264188002775 -0.02649744034114217 514.8609025393043 -0.33683451747476867 0.9410983733053195 0.02960337142320068 1442.5182707233253 0.034930874402831935 -0.01892902421431025 0.9992104513343255 1.8437378992531406
