-0.13516957237096874 0.9879477725793624 0.07542138529969616 684.2026043390315 -0.990617502339342 -0.13629778708353274 0.009993862871534233 1470.2608645574217 0.02015318247851891 -0.07336287815787881 0.9971016685094751 1.7910146402415401
-0.1381026415141582 0.987445420021212 0.07667596028706875 689.1251427786365 -0.9901716544732502 -0.13938025066525755 0.011542980646127651 1469.5653219153671 0.02208517793722321 -0.07432824633759504 0.9969892460362144 1.7899202640506575
-0.1390922291970157 0.9874909961276006 0.07426226729586961 693.8306392430716 -0.9900311673851063 -0.14034489799729255 0.011899462685860479 1468.887673750339 0.02217294258973008 -0.0718668363923716 0.9971677483973617 1.7924643752959357
-0.14044713645076806 0.9868967106816933 0.07943226239025086 698.3522857630384 -0.9898601178417384 -0.1416840446746992 0.010128108952683576 1468.217876317187 0.021249681623941953 -0.0772043647099838 0.9967888126883291 1.7869692296552182
-0.1461326828813512 0.9861831115170754 0.07802633883758874 702.5969924260454 -0.9890149753366831 -0.1474137844553681 0.01088828325891071 1467.573793035552 0.022239998958597663 -0.07557808353647279 0.9968918375306698 1.788614042209532
-0.14903602287048973 0.985800852285821 0.07736241671183688 706.7246866951732 -0.9886421520422889 -0.15008277931258276 0.00786476693884078 1466.9266059795118 0.019363860465789265 -0.07531161255981461 0.9969720166190732 1.7890286015713464
-0.14731280438704797 0.9861401184732271 0.0763321976706582 710.6318214078722 -0.9889475338519362 -0.1481619168383885 0.005551728284746321 1466.313946325763 0.016784306711822395 -0.07467069797707507 0.9970669856693779 1.7898046240971286
-0.1404545038530816 0.9871748410098863 0.07588389568605336 713.9400255045231 -0.9899562223766883 -0.14126916497738093 0.005449844426379828 1465.8258071946148 0.01610000388393954 -0.07435627951760834 0.9971017669080914 1.7901581354053528
-0.1367571109112064 0.9875559217131027 0.07765818762116024 717.4375760007523 -0.9904694721270001 -0.13761249400763326 0.005746849350746717 1465.3105724982418 0.0163620719861836 -0.07613214158542007 0.9969634795808399 1.788302001352991
-0.13624353738970074 0.9875122199622144 0.07910318542790833 721.2042800954468 -0.9904314710167109 -0.13754680353484272 0.011241799545580938 1464.7711462516318 0.02198180473065956 -0.07681466176875495 0.996803043734386 1.7873394748201334
-0.139611184971686 0.9870034264421957 0.0795798543738756 724.5247890423947 -0.9899660717040661 -0.14089636031844432 0.01074209122264463 1464.2766839597002 0.021814992679855778 -0.07728163973661988 0.9967706126556891 1.7868608204134173
-0.15566970056700005 0.9846109182128858 0.07942470686982771 727.6777826446639 -0.9876452050665929 -0.1566048398586233 0.0056456214735038125 1463.7567592827568 0.01799703404307644 -0.07756457869951008 0.9968248807573069 1.7867417025445989
-0.16980973589139198 0.9822135977034372 0.08013177948208654 730.5401868573426 -0.9853490414596294 -0.17053509599900687 0.002246670246849722 1463.2495008678804 0.01587199077256041 -0.07857626562187581 0.9967817466175006 1.7857710062305623
-0.18120956439817465 0.9800604702272621 0.08151422249240481 733.168824123196 -0.9833251582243393 -0.18185537121030187 0.0005071144256674646 1462.7429994059742 0.015320801992754098 -0.08006309174570275 0.9966720495561303 1.7842351901843396
-0.1985609901999795 0.9767530259606398 0.0807902187615414 735.5240478717526 -0.9799792578541382 -0.19909407644716592 -0.0014842167305478568 1462.2538039702752 0.014635140807549548 -0.07946744616749775 0.996730022449991 1.7848846888073953
-0.23372512469794243 0.9690076554897845 0.07997955793276994 737.565767556634 -0.97215986377921 -0.23430881310412124 -0.0021399435797826924 1461.7494070788923 0.01666629358069399 -0.07825307472507438 0.9967942069225488 1.7860776134799188
-0.2781642234705073 0.9576026434524946 0.07497894393656998 739.3450588902232 -0.9603944820684909 -0.27860348404693797 -0.004747366564943193 1461.2138087258563 0.016343304238860844 -0.07332991156207186 0.997173816582071 1.7912127027089757
-0.3314640366746961 0.9409148285494581 0.0693604916869836 741.0661762821443 -0.9433578154464868 -0.33165132593490626 -0.009134004688602749 1460.585817471038 0.01440917857993855 -0.06845935598121691 0.9975498444445215 1.7963082347499324
-0.38245907635765297 0.9215103091546712 0.06740775202684997 742.7549936688754 -0.923789962075904 -0.38281441151564294 -0.008076651764934918 1459.8788434122823 0.01836194105891115 -0.06535959346258509 0.9976928197912196 1.79932541150923
-0.41241041575423304 0.9088709506023249 0.062219322791624836 744.3853610929505 -0.9108643695549787 -0.41255747240436846 -0.011064910236021842 1459.1172162078576 0.015612471061081677 -0.061236648459452064 0.9980011641440213 1.8036301812337867
-0.40086792239195895 0.9140869202579653 0.06123733346956957 746.1205410441788 -0.9158957052380265 -0.4013969386798388 -0.003943950429792194 1458.3603375242267 0.02097536468558282 -0.05766801393981527 0.9981154413416039 1.8070027468744811
-0.3674572063341938 0.9280483149080703 0.06084017348234409 748.004427504566 -0.9298477310625738 -0.36792574162193065 -0.003720979674279894 1457.5898980738007 0.01893141703237573 -0.057939398065948215 0.9981405850885448 1.8068239139865028
-0.30711929318335124 0.9496991497193444 0.06123124020394882 750.0218659763963 -0.951546029832736 -0.3074854572278018 -0.0035842297594458126 1456.9025669118778 0.015423775935792092 -0.05936512962812983 0.998117171738929 1.805530143417713
-0.23664626047760456 0.9696139587520843 0.06202675547760776 751.9315438522041 -0.9714916769346519 -0.23707315523681577 -0.0004906248674764892 1456.4182536530084 0.014229161910162802 -0.06037458123394234 0.998074366413727 1.8045537526658968
-0.13257832082407844 0.98913860409056 0.06346503561210626 754.3074530155587 -0.9910952506595343 -0.13309551659164545 0.00397335919817561 1456.043102107452 0.012377114671134268 -0.0623731140875717 0.9979761528570891 1.802591006364506
-0.04718885988627392 0.9967518663286574 0.06526046638641482 756.5481217500292 -0.9986389491921253 -0.0485293252152005 0.01910899658813938 1455.9221055302746 0.022213974409857853 -0.06426991181335229 0.9976852799236954 1.8002563953281676
-6.74534251984294e-05 0.9977949523869698 0.06637189496406672 758.791038715975 -0.9996593002354341 -0.0017996758304530504 0.026039289923274728 1455.9060270516154 0.026101319944372592 -0.06634752563578358 0.997455125275905 1.797925524462903
0.03277999925827982 0.997377509059237 0.06452577834801379 760.9676100371998 -0.9992036644397538 0.03123367501076497 0.024829307591798393 1455.9576950431965 0.022748815766834986 -0.06528829886060551 0.9976071017254705 1.7991906320992017
0.06306610991206403 0.9961999850598385 0.060068756831939185 762.8835054101864 -0.99765707036662 0.06133047926656717 0.030314060441048604 1456.075245281951 0.02651482091302598 -0.06183980982917354 0.9977338333404552 1.802492675031023
0.09625311836014032 0.9940665223169725 0.050666422950400504 764.9252676835524 -0.9951316560441805 0.09502375864085924 0.026143305692475752 1456.2458598622045 0.02117367102595433 -0.052936136073610134 0.9983733976588522 1.8117346571718973
0.14283503741354345 0.9886755792056705 0.046029894301455425 766.816567021818 -0.9896569719087474 0.14204203081609285 0.020078332451884753 1456.4908640151625 0.013312777301522345 -0.048421695178624616 0.9987382587027234 1.8165422711050832
0.22010518099924617 0.974243496092144 0.049023663872099395 768.71582479082 -0.9754751444299257 0.21989880042597526 0.009631208160524313 1456.8830654596163 -0.0013971029680604887 -0.04994124441153394 0.9987511803296768 1.815331972405898
0.3357931750524565 0.9407385880125574 0.04747475763320595 770.5211139386305 -0.9417413915650399 0.3363210060823241 -0.00336634533533873 1457.4739464499864 -0.019133609208243522 -0.043578548529231924 0.9988667654430959 1.8214248651542004
0.46948656966368874 0.8818234581519254 0.04438186069108381 772.1596411656902 -0.8823795165173594 0.47038576928411324 -0.011984026267699016 1458.3144385535759 -0.03144439116940165 -0.03353530539555777 0.998942757897575 1.8307037663095969
0.6194180244932449 0.7837273367062543 0.04574683193631889 773.7111139034005 -0.7844931722594408 0.6201345271518457 -0.001905495336769587 1459.5191973304675 -0.029862578776916646 -0.034707779149359366 0.99895124828758 1.8296515684067134
0.7447887946325903 0.6657988136233958 0.044739145805569716 774.8478888201944 -0.6667660910081553 0.745200231898059 0.009979692419283018 1460.7822237179776 -0.0266951544561466 -0.03726330845158543 0.998948854832821 1.8273217728217919
0.8643965372263399 0.5014877456490965 0.03645089017978989 775.7769918244495 -0.5023197887547457 0.8644831512291355 0.018539446225029045 1462.3716730706547 -0.022213875314759452 -0.03433543657404355 0.9991634608705273 1.8303131371874268
0.9512241131283466 0.3078816903971428 0.019533338715852864 776.353138017892 -0.30826896152400274 0.951056081313763 0.0215076162561533 1464.1613875652354 -0.011955499324715891 -0.026480085239796797 0.9995778464539867 1.838054008708855
0.9878429589757637 0.15513965181856465 0.009898324889651323 776.5806153016525 -0.1553302453467069 0.9875980865747387 0.022859008605925445 1465.7962908262548 -0.0062292280852739145 -0.02411861993416081 0.9996896963007731 1.8403337461261187
0.9987878682630612 0.048932704249770864 0.00532772609432118 776.6228679919692 -0.04904146371141285 0.9985394119776672 0.022671073294816334 1467.3011760675004 -0.004210587556841414 -0.0229048724532842 0.9997287821055902 1.8414794746404088
